HSS_105(0,0,0)
ISLM_1103(0,0,0)
ESPU_107(0,1,2)
GENG_250(0,0,0)
STAT_220(0,0,0)
GENG_200(0,3,7)
GENG_215(0,0,0)
GENG_220(0,2,8)
MATH_1110(0,5,39)
MATH_1120(0,4,37)
MATH_2210(0,3,12)
MATH_2220(1,1,8)
PHYS_1110(0,2,4)
CHEM_111(0,0,0)
CHEM_175(0,0,0)
GENG_315(1,0,0)
CHEM_2706(1,0,0)
ELEC_305(0,3,16)
ELEC_320(1,1,6)
ELEC_315(0,1,7)
ELEC_325(1,0,0)
ELEC_330(1,2,6)
ELEC_335(0,2,5)
ELEC_360(0,2,11)
ELEC_370(1,0,5)
ECOM_360(1,1,4)
ECOM_432(0,0,1)
ELEC_431(0,0,3)
ELEC_451(1,1,3)
ELEC_411(0,0,0)
ELEC_462(0,0,0)
ELEC_472(0,0,0)
ELEC_310(0,0,0)
ELEC_345(0,0,0)
ELEC_375(1,0,0)
ELEC_461(1,0,0)
ECOM_442(0,0,0)
ELEC_433(0,0,0)
ELEC_481(0,0,0)
SCIENCE_ELECTIVE(1,0,0)
GE_1(0,0,0)
GE_2(0,0,0)
GE_3(0,0,0)
GE_4(0,0,0)